"type": "ADMINISTRATION/CASH",
            "description": "ADMINISTRATION/CASH Labour Hours",
            "units": "people",
            "role_id": "2e8527d3-43f2-495c-861d-a38567607323",
            "role_group": null,
            "values": [
              0,
              0,
              0,
              0,
              0,
              0,
              0,
              0,
              0,
              0,
              0,
              0,
              0,
              0,
              0,
              0,
              0,
              0,
              0,
              0,
              0,
              0,
              0,
              0,
              0,
              0,
              0,
              0,
              0,
              0,
              0,
              0,
              1,
              1,
              1,
              1,
              0,
              0,
              0,
              0,
              2,
              2,
              2,
              2,
              2,
              2,
              2,
              2,
              2,
              2,
              2,
              2,
              1,
              1,
              1,
              1,
              0,
              0,
              0,
              0,
              0,
              0,
              0,
              0,
              0,
              0,
              0,
              0,
              0,
              0,
              0,
              0,
              0,
              0,
              0,
              0,
              0,
              0,
              0,
              0,
              0,
              0,
              0,
              0,
              0,
              0,
              0,
              0,
              0,
              0,
              0,
              0,
              0,
              0,
              0,
              0