"type": "DRIVE THRU",
            "description": "DRIVE THRU Labour Hours",
            "units": "people",
            "role_id": "41ed25e0-844b-4da0-b912-61ee3cc55975",
            "role_group": null,
            "values": [
              0,
              0,
              0,
              0,
              0,
              0,
              0,
              0,
              2,
              2,
              2,
              2,
              3,
              3,
              3,
              3,
              4,
              4,
              4,
              4,
              4,
              4,
              4,
              4,
              4,
              4,
              4,
              4,
              4,
              4,
              4,
              4,
              4,
              4,
              4,
              4,
              4,
              4,
              4,
              4,
              4,
              4,
              4,
              4,
              4,
              4,
              4,
              4,
              4,
              4,
              4,
              4,
              4,
              4,
              4,
              4,
              4,
              4,
              4,
              4,
              4,
              4,
              4,
              4,
              3,
              3,
              3,
              3,
              2,
              2,
              2,
              2,
              2,
              2,
              1,
              1,
              1,
              1,
              1,
              1,
              1,
              1,
              1,
              1,
              0,
              0,
              0,
              0,
              0,
              0,
              0,
              0,
              0,
              0,
              0,
              0