"type": "SUPPORT / PREP",
            "description": "SUPPORT / PREP Labour Hours",
            "units": "people",
            "role_id": "4184e422-f5d3-4d26-a45b-3d5eeec60a32",
            "role_group": null,
            "values": [
              0,
              0,
              0,
              0,
              0,
              0,
              0,
              0,
              1,
              1,
              1,
              1,
              1,
              1,
              1,
              1,
              1,
              1,
              1,
              1,
              0,
              0,
              0,
              0,
              0,
              0,
              0,
              0,
              1,
              1,
              1,
              1,
              0,
              0,
              0,
              0,
              0,
              0,
              0,
              0,
              0,
              0,
              0,
              0,
              0,
              0,
              0,
              0,
              1,
              1,
              1,
              1,
              1,
              1,
              1,
              1,
              0,
              0,
              0,
              0,
              0,
              0,
              0,
              0,
              0,
              0,
              0,
              0,
              0,
              0,
              0,
              0,
              1,
              1,
              1,
              1,
              1,
              1,
              1,
              1,
              1,
              1,
              1,
              1,
              1,
              1,
              1,
              1,
              0,
              0,
              0,
              0,
              0,
              0,
              0,
              0