 "type": "sales";
            "description": "Total sales";
            "units": "$";
            "role_id": null;
            "role_group": null;
            "values": [
			  0;
              0;
              0;
              0;
              0;
              0,04170916732213184;
              12,526547122216849;
              20,534388857475914;
              26,677416905668373;
              39,57786071102993;
              42,74276930826477;
              52,94824902759352;
              59,7779394487483;
              75,91832590044584;
              84,28223444579588;
              97,92283024328097;
              95,71479149992994;
              126,83694104542244;
              132,55597895760494;
              134,30956819847918;
              148,861079474656;
              138,20359124737573;
              149,63858929603498;
              143,37680155768106;
              144,89318980882257;
              147,07246726885478;
              140,75060983914122;
              139,82335031015023;
              124,73195472311413;
              132,63727468831422;
              133,61197441525178;
              134,40041564689582;
              144,91027677049908;
              175,79978892471902;
              174,44068562515866;
              205,34813378262908;
              227,17624973846836;
              207,19341951349398;
              191,8756482167935;
              197,76555574574098;
              169,15614473846423;
              151,37551609601977;
              149,7220076306793;
              133,69125367222284;
              127,18218257544507;
              130,30708008850576;
              127,88221735319769;
              113,57247066521377;
              115,24274770164052;
              113,40616464690899;
              117,53749481573502;
              122,50640449729963;
              119,07670105917745;
              126,06940746253781;
              124,757744360924;
              127,79094538399404;
              131,59114933896498;
              138,11730739741924;
              152,28812965785949;
              152,49370384896116;
              157,60312991102072;
              154,6729813089934;
              158,04219053496894;
              136,48003685218126;
              123,99021077803938;
              122,19862692672918;
              107,41989089931396;
              109,82098047055037;
              103,71637155358086;
              97,2957069106945;
              82,50741916557193;
              82,25143313101472;
              76,75420733003645;
              70,94018289176412;
              59,389290668255555;
              59,34216886089926;
              53,65497000774129;
              44,14984345675541;
              42,275371921784696;
              36,86113993466369;
              24,373860985243763;
              23,24612151459498;
              23,4098804081778;
              12,642016776279135;
              0,31658637690055796;
              0;
              0;
              0;
              0;
              0;
              0;
              0;
              0;
              0;
              0;
              0
