"type": "workload",
            "description": "Total labour requirement",
            "units": "people",
            "role_id": null,
            "role_group": null,
            "values": [
              0,
              0,
              0,
              0,
              4,
              4,
              4,
              4,
              6,
              6,
              6,
              6,
              9,
              9,
              9,
              9,
              10,
              10,
              10,
              10,
              11,
              11,
              11,
              11,
              11,
              11,
              11,
              11,
              11,
              11,
              11,
              11,
              15,
              15,
              15,
              15,
              13,
              13,
              13,
              13,
              12,
              12,
              12,
              12,
              11,
              11,
              11,
              11,
              11,
              11,
              11,
              11,
              10,
              10,
              10,
              10,
              10,
              10,
              10,
              10,
              9,
              9,
              9,
              9,
              8,
              8,
              8,
              8,
              4,
              4,
              4,
              4,
              5,
              5,
              4,
              4,
              5,
              5,
              5,
              5,
              3,
              3,
              3,
              3,
              4,
              4,
              4,
              4,
              0,
              0,
              0,
              0,
              0,
              0,
              0,
              0