"type": "WINDOW",
            "description": "WINDOW Labour Hours",
            "units": "people",
            "role_id": "6a17443a-1ee4-48ed-a262-2053f3cca8b0",
            "role_group": null,
            "values": [
              0,
              0,
              0,
              0,
              0,
              0,
              0,
              0,
              0,
              0,
              0,
              0,
              1,
              1,
              1,
              1,
              1,
              1,
              1,
              1,
              1,
              1,
              1,
              1,
              1,
              1,
              1,
              1,
              1,
              1,
              1,
              1,
              2,
              2,
              2,
              2,
              2,
              2,
              2,
              2,
              1,
              1,
              1,
              1,
              1,
              1,
              1,
              1,
              1,
              1,
              1,
              1,
              1,
              1,
              1,
              1,
              1,
              1,
              1,
              1,
              1,
              1,
              1,
              1,
              1,
              1,
              1,
              1,
              0,
              0,
              0,
              0,
              0,
              0,
              0,
              0,
              0,
              0,
              0,
              0,
              0,
              0,
              0,
              0,
              0,
              0,
              0,
              0,
              0,
              0,
              0,
              0,
              0,
              0,
              0,
              0